-0.0697752
0.156938
-0.0932316
-0.00862367
-0.0637068
-0.0653267
-0.104665
-0.00345987
-0.00769353
0.108195
-0.053078
-0.0530247
0.00262055
-0.00626911
0.0506249
-0.0381161
-0.032767
0.0213597
-0.00517924
0.011749
-0.0230084
-0.0229766
0.0300839
-0.00369358
-0.0067575
-0.00936014
-0.0171194
0.0301926
-0.00175201
-0.01286
0.00181616
-0.0130284
0.0260173
0.000320125
-0.013038
0.00999229
-0.00991914
0.0206104
0.00214859
-0.0110672
0.0150933
-0.0076567
0.0157358
0.00348212
-0.00876788
0.0174392
-0.00630766
0.0122693
0.00423415
-0.00688354
0.0176205
-0.00583778
0.010458
0.00445266
-0.00566186
0.0163389
-0.00603439
0.0101177
0.00426415
-0.00513315
0.0142669
-0.00659017
0.0108343
0.00382147
-0.00521775
0.0119565
-0.00722453
0.0121506
0.00326758
-0.00577603
0.00979961
-0.00775977
0.0136944
0.00271549
-0.00664845
0.0080257
-0.00813424
0.0152337
0.00223989
-0.00769039
0.0067232
-0.00837442
0.0166755
0.00187693
-0.00879602
0.00587383
-0.00855617
0.0180361
0.00162968
-0.00990913
0.00539222
-0.00877558
0.0194099
0.00147765
-0.0110239
0.00516386
-0.0091363
0.0209494
0.00138812
-0.0121813
0.0735269
0.170665
-0.168799
0.0204468
-0.00763247
0.00947192
-0.0143781
0.00103709
0.00265511
0.0125889
0.00983448
0.00178724
-0.00910177
0.00266903
0.00662054
0.00831511
0.00753919
-0.0112249
0.00222317
0.00316741