0.5
1.5708
0
0
-1.5708
0
0
0
0
0
0.491278
1.59042
6.27153
6.28211
4.70443
-0.0348876
0.078469
-0.0466158
-0.00431184
-0.0318534
0.465668
1.61657
6.24779
6.27899
4.70202
-0.0675509
0.0261366
-0.0483457
-0.0081586
0.022244
0.425258
1.62301
6.22395
6.27413
4.71947
-0.0940899
-0.000375736
-0.0470354
-0.0112932
0.0475564
0.373449
1.61873
6.2031
6.26783
4.74472
-0.113148
-0.0167592
-0.0363556
-0.0138828
0.0534309
0.313999
1.60747
6.18868
6.26043
4.77059
-0.124652
-0.0282475
-0.0213136
-0.0157296
0.0500521
0.250503
1.59121
6.1818
6.25235
4.79401
-0.129332
-0.0368073
-0.00621731
-0.0166056
0.0436221
0.186064
1.57118
6.18194
6.24408
4.81419
-0.128424
-0.0433214
0.00679135
-0.0164455
0.0371031
0.1231
1.54828
6.18791
6.23613
4.83136
-0.123428
-0.048281
0.0170966
-0.0153712
0.0315695
0.0632731
1.52318
6.19843
6.22888
4.84605
-0.115881
-0.0521094
0.0249645
-0.0136302
0.0271856
0.00751237
1.49634
6.21244
6.22259
4.85878
-0.107162
-0.0552632
0.0310991
-0.0115131
0.0237438
6.23932
1.46797
6.2293
6.21739
4.86994
-0.0983515
-0.0581821
0.0363281
-0.00928675
0.0209129
6.19219
1.43813
6.24873
6.21328
4.87976
-0.090182
-0.0611993
0.041387
-0.00715467
0.0183463
6.14888
1.40671
6.27078
6.21018
4.88828
-0.0830486
-0.0644943
0.0468041
-0.00524394
0.0157374
6.10885
1.37356
0.0125135
6.20797
4.89543
-0.0770703
-0.0681066
0.0528794
-0.00361015
0.0128494
6.07154
1.33853
0.040665
6.2065
4.90102
-0.0721705
-0.0719865
0.0597266
-0.0022524
0.0095252
6.03646
1.30152
0.0724326
6.20566
4.90482
-0.0681577
-0.0760536
0.0673435
-0.00113246
0.00568001
6.00322
1.26245
0.108189
6.20533
4.90656
-0.0647961
-0.0802408
0.0756812
-0.000193988
0.00128199
5.97155
1.22126
0.148284
6.20543
4.90596
-0.0618592
-0.0845189
0.0846992
0.000620849
-0.00367257
5.9413
1.1779
0.19306
6.20593
4.90275
-0.059163
-0.0889067
0.0944042
0.00135968
-0.00918451
5.91236
1.13231
0.24288
6.20678
4.89664
-0.0565811
-0.0934749
0.104879
0.00205374
-0.0152752
5.89326
1.1069
0.27422
6.21036
4.88804
-0.0198177
-0.00814228
0.0204796
0.0122771
-0.0190914
5.88454
1.10103
0.284589
6.21683
4.88007
-0.0150817
-0.0153313
0.0209981
0.0136047
-0.012797
5.87823
1.09359
0.293951
6.22397
4.8745
-0.0101645
-0.0144377
0.0164472
0.0149392
-0.00948671
5.87418
1.08732
0.300771
6.23172
4.87015
-0.00600692
-0.0106681
0.0108348
0.0160508
-0.00790301