  0.49 
  1.59 
  6.27 
  6.28 
  4.70 
  0.47 
  1.62 
  6.25 
  6.28 
  4.70 
  0.43 
  1.62 
  6.22 
  6.27 
  4.72 
  0.37 
  1.62 
  6.20 
  6.27 
  4.74 
  0.31 
  1.61 
  6.19 
  6.26 
  4.77 
  0.25 
  1.59 
  6.18 
  6.25 
  4.79 
  0.19 
  1.57 
  6.18 
  6.24 
  4.81 
  0.12 
  1.55 
  6.19 
  6.24 
  4.83 
  0.06 
  1.52 
  6.20 
  6.23 
  4.85 
  0.01 
  1.50 
  6.21 
  6.22 
  4.86 
 -0.04 
  1.47 
  6.23 
  6.22 
  4.87 
 -0.09 
  1.44 
  6.25 
  6.21 
  4.88 
 -0.13 
  1.41 
  6.27 
  6.21 
  4.89 
 -0.17 
  1.37 
  6.30 
  6.21 
  4.90 
 -0.21 
  1.34 
  6.32 
  6.21 
  4.90 
 -0.25 
  1.30 
  6.36 
  6.21 
  4.90 
 -0.28 
  1.26 
  6.39 
  6.21 
  4.91 
 -0.31 
  1.22 
  6.43 
  6.21 
  4.91 
 -0.34 
  1.18 
  6.48 
  6.21 
  4.90 
 -0.37 
  1.13 
  6.53 
  6.21 
  4.90 
 -0.39 
  1.11 
  6.56 
  6.21 
  4.89 
 -0.40 
  1.10 
  6.57 
  6.22 
  4.88 
 -0.40 
  1.09 
  6.58 
  6.22 
  4.87 
 -0.41 
  1.09 
  6.58 
  6.23 
  4.87